A = [9 4 8; 6 3 5; 3 7 5];
b = [14; 58; 12];

x = A\b;

tolx = 1e-5;
k = 0;